API_KEY=fea46c6b80d9670e1b730622c1c9db4b
LON=17.038538
LAT=52.405374


ACCOUNT_SID=AC2e6d4c3bbbf9b2cf1471f9cbe4c55e3e
AUTH_TOKEN=010e22e6568caaa98add8b2e5b53ca50

CLIENT_PHONE=+15104222854
USER_PHONE=+48518709138
